data/DEM.txt
ncols         157
nrows         141
xllcorner     183648.0321
yllcorner     517256.9598
cellsize      30.000000000019
NODATA_value  -9999
[rows 0 to 32 of 141, columns 0 to 73 of 157]
0 0 0 0 0 0 0 0 0 0 0 0 0.1194862 0.3938442 0.6675283 1.001837 1.496393 1.990949 2.410566 2.78425 3.146433 3.506544 3.866655 4.228964 4.647537 5.063614 5.47969 5.880616 6.423852 6.976417 7.528981 8.21544 9.002274 9.789106 10 10 10 10 10 10 10 10 10 10 10 10 10 10 10 10 10 10 10 10.75851 11.49859 11.48978 10.46765 10 10 10 10 10 10 10 11.36037 20 20 19.59071 18.67687 17.76304 16.8492 16.98846 17.51818 18.0479
0 0 0 0 0 0 0 0 0 0 0 0 0 0.0667883 0.4652798 0.8389636 1.206023 1.566134 1.926244 2.286355 2.646466 3.041095 3.457171 3.873248 4.289325 4.695764 5.185947 5.738511 6.291076 7.045784 7.832617 8.619451 9.406283 10 10 10 10 10 10 10 10 10 10 10 10 10 10 10 10 10 10 10.9129 12.3241 13.24508 13.96051 14.30625 13.28412 10.71959 10 10 10 10 10 10 15.16813 20 20 20 19.77279 18.85896 18.12666 18.65271 19.18243 19.71215
0 0 0 0 0 0 0 0 0 0 0 0 0 0 0 0.3459449 0.7060556 1.066166 1.435887 1.850729 2.266806 2.682883 3.098959 3.511192 3.948042 4.500606 5.089294 5.876127 6.662961 7.449794 8.236628 9.02346 9.810294 10 10 10 10 10 10 10 10 10 10 10 10 10 10 10 10 10 10.12779 12.90676 14.87629 15.90854 16.44542 17.05821 15.72396 14.57367 10 10 10 10 10 10 20 20 20 20 20 19.95487 19.78724 20 20 20
0 0 0 0 0 0 0 0 0 0 0 0 0 0 0 0 0.2442873 0.6603639 1.07644 1.492517 1.908594 2.32467 2.71087 3.262701 3.919637 4.706471 5.493304 6.280138 7.066971 7.853804 8.640637 9.42747 10 10 10 10 10 10 10 10 10 10 10 10 10 10 10 10 10 10 10.74411 14.49813 17.58143 18.57201 19.10888 19.64576 20 17.81672 10.58777 10 10 10 10 10.90622 20 20 20 20 20.2062 20 20 20 20 20
0 0 0 0 0 0 0 0 0 0 0 0 0 0 0 0 0 0.3021514 0.718228 1.134305 1.525922 2.024796 2.749981 3.536814 4.323647 5.110481 5.897314 6.684147 7.470981 8.257814 9.044647 9.831481 10 10 10 10 10 10 10 10 10 10 10 10 10 10 10 10 10 10 11.35721 15.02866 18.70011 24.57197 28.35108 25.54857 22.9012 20.25727 10 10 10 10 10 15.20802 20.06235 21.12102 22.1797 22.25676 22.44731 22.18104 21.79066 21.32438 20.61411 20
0 0 0 0 0 0 0 0 0 0 0 0 0 0 0 0 0 0 0.3410887 0.7934914 1.580325 2.367158 3.153991 3.940825 4.727658 5.514491 6.301324 7.088158 7.874991 8.661824 9.448657 10 10 10 10 10 10 10 10 10 10 10 10 10 10 10 10 10 10 10 11.65797 15.193 18.72802 28.50737 30 30 27.10714 22.28628 14.20665 10 10 10 12.27131 20.16722 22.19626 23.35826 24.41693 24.60997 24.65923 24.54626 24.18984 23.70737 22.74528 21.99556
0 0 0 0 0 0 0 0 0 0 0 0 0 0 0 0 0 0 0 1.054501 1.984335 2.771168 3.558001 4.344834 5.131668 5.918501 6.705334 7.492167 8.279001 9.065834 9.852668 10 10 10 10 10 10 10 10 10 10 10 10 10 10 10 10 10 10 10 12.46541 15.35558 18.7434 26.43373 30 30 27.24355 22.56256 16.82666 10.62095 12.09624 15.67629 20.08434 21.68233 23.55253 25.52472 26.65417 26.98197 27.02449 26.91148 26.68301 26.04523 24.9186 24.51525
0 0 0 0 0 0 0 0 0 0 0 0 0 0 0 0 0 0 0 0.1064784 1.247642 2.395383 3.544019 4.692656 5.535678 6.322511 7.109344 7.896178 8.683011 9.469845 10 10 10 10 10 10 10 10 10 10 10 10 10 10 10 10 10 10 10 12.2967 14.10092 16.19913 18.91726 25.59395 32.18062 31.5229 27.794 24.28099 21.47138 16.5277 17.061 20 21.58689 22.98643 24.63399 26.74755 28.85484 29.35396 29.38975 29.33226 29.18126 27.81791 27.09193 26.68857
0 0 0 0 0 0 0 0 0 0 0 0 0 0 0 0 0 0 0 0 0.9414065 2.550009 3.484294 4.344347 5.2044 6.066607 7.182174 8.300188 9.087021 9.873855 10 10 10 10 10 10 10 10 10 10 10 10 10 10 10 13.35015 12.81398 10.07561 12.8049 15.09627 16.90049 18.70471 20 20.86855 36.18354 40 30 28.24024 26.93689 23.92996 20 20 23.08945 24.35729 26.00485 27.6524 29.29996 35.27518 37.5995 37.61055 36.23523 29.6686 29.26525 28.86189
0 0 0 0 0 0 0 0 0 0 0 0 0 0 0 0 0 0 0 0 0 1.563389 3.347067 5.039135 6.384259 7.17522 8.035273 8.895326 9.755379 10 10 10 10 10 10 10 10 10 10 10 10 10 10 10 12.41957 18.90423 22.07575 21.13101 17.22725 17.89583 19.70006 20 20 22.67403 39.9859 40 40 39.90596 30 26.87294 20 20 23.51571 25.75282 27.37571 29.02327 30 37.51221 44.47229 47.3218 46.18792 36.32746 30 30
0 0 0 0 0 0 0 0 0 0 0 0 0 0 0 0 0 0 0 0 0 0.2566176 2.080073 3.903528 5.726984 7.483804 9.128014 10 10 10 10 10 10 10 10 10 10 10 10 10 10 10 10 10 15.10111 22.59183 28.74998 30 24.4218 20 20 20 21.16899 31.89296 40 40 39.05436 33.46575 25.95991 20 20 20 23.65714 27.25538 28.74657 30 30 37.51219 50.10426 52.9207 52.95756 45.93414 37.67849 37.52252
0 0 0 0 0 0 0 0 0 0 0 0 0 0 0 0 0 0 0 0 0 0 0.5524399 2.471151 4.389862 6.582783 8.903216 10 10 10 10 10 10 10 10 10 10 10 10 10 10 10 10 10 16.91264 24.24687 30 30 30 26.74575 23.2002 24.89523 30.98017 39.8775 40 36.42628 30.90451 25.5044 20 20 20 20 24.66239 27.47623 30 30 30.34275 37.87451 51.2754 57.32494 57.6955 54.70652 48.9234 49.48947
0 0 0 0 0 0 0 0 0 0 0 0 0 0 0 0 0 0 0 0 0 0 0 1.10578 3.282958 5.460135 7.637311 9.831861 10 10 10 10 10 10 10 10 10 10 10 10 10 10 10 10 15.4784 21.27102 27.43968 32.44227 37.58118 35.95146 33.7829 35.14505 40 40 35.60675 28.88663 22.30774 20 20 20 20 23.35893 30.02654 35.02154 37.94958 39.72529 40.6882 42.3767 51.66294 61.02784 67.63683 65.10236 59.33017 56.62735
0 0 0 0 0 0 0 0 0 0 0 0 0 0 0 0 0 0 0 0 0 0 0 0 1.706729 3.883906 6.061083 8.367649 10 10 10 10 10 10 10 10 10 10 10 10 10 10 10 10 11.70264 16.51391 21.67639 30.97844 39.94181 40 40 40 40 35.471 28.77957 20 20 20 20 20 21.59861 29.62289 37.42897 43.87062 48.04597 50.0859 50.76881 51.18532 54.53698 62.69555 72.48198 74.86265 68.03702 64.34007
0 0 0 0 0 0 0 0 0 0 0 0 0 0 0 0 0 0 0 0 0 0 0 0 0.1305004 2.307678 4.498872 6.849957 9.147999 10 10 10 10 10 10 10 10 10 10 10 10 13.54736 14.61688 10 11.44633 16.29798 22.02807 31.9961 40 39.8335 36.7224 35.42358 34.18787 29.20995 20.90065 20 20 20 20 20 26.00836 34.68794 43.53202 51.35562 57.69724 60.83163 60.24252 58.9859 60.16618 63.92054 70.2573 80 77.58723 72.53236
0 0 0 0 0 0 0 0 0 0 0 0 0 0 0 0 0 0 0 0 0 0 0 0 0 0.7314489 3.003226 5.341106 7.655762 9.979562 10 10 10 10 10 10 10 10 10 10 10.48616 18.0436 20 20 18.78274 21.48892 28.54705 36.62131 40 36.05577 30.28694 27.95867 27.17712 22.0302 19.67501 20 20 20 20 20 27.32749 36.66825 45.529 54.15182 62.55671 69.55063 69.02876 66.72916 66.24698 67.39106 71.03255 81.23244 87.41666 84.97176
0.137327 0.1472106 0.1570941 0.1669776 0.1768612 0.1867447 0.1966283 0.2065118 0.2163954 0.2262789 0.2361625 0.246046 0.2559296 0.2658131 0.2756967 0.2855802 0.2954638 0.02742836 0 0 0 0 0 0 0 0 1.362639 3.646367 5.930094 8.379189 10 10 10 10 10 10 10 10 10 10 10 16.77485 23.07885 26.19427 29.72884 31.9958 37.0365 40 40 33.19173 24.9942 20.36906 20.4148 18.09604 16.97809 19.48886 20 20 20 20 26.55661 35.47511 43.61554 51.06535 60.86652 70 70 70 70 73.68288 78.15287 81.80946 90 95.23693
1.06101 1.070893 1.080777 1.09066 1.100544 1.110427 1.120311 1.130194 1.140078 1.149961 1.159845 1.169729 1.179612 1.189496 1.199379 0.8631579 0.3519891 0 0 0 0 0 0 0 0 0 0 1.920698 4.258538 6.759154 9.7703 10 10 10 10 10 10 10 10 10 10 13.84585 22.37714 28.3249 34.56329 39.6234 40 40 38.21184 29.86598 21.46759 17.01423 15.60234 14.83982 14.28116 16.79193 19.3027 20 20 23.30157 28.87317 35.58576 42.78226 49.88623 58.71136 68.04602 70 70 70 74.20656 74.94773 67.25961 70.30625 76.72257
1.984692 1.994576 2.004459 2.014343 2.024226 2.03411 2.043993 2.053877 2.063761 2.073644 2.083528 2.093411 2.103295 1.698887 1.187719 0.6765499 0.1653811 0 0 0 0 0 0 0 0 0 0 0.1950301 2.670161 5.777582 8.833898 10 10 10 10 10 9.713814 9.221776 9.219471 9.865634 10 11.22723 21.45692 28.23276 34.67072 38.60117 33.77268 30.71359 31.28416 25.71047 18.82329 14.95248 11.38053 10.21641 11.58423 14.095 17.16058 20.81832 27.59451 32.53252 38.01201 41.71984 46.30613 52.28291 60 62.74475 61.97243 61.72137 66.16071 70 62.97348 55.48147 56.28546 59.75965
2.908375 2.918258 2.928142 2.938025 2.947909 2.957793 2.967676 2.97756 2.987443 2.997327 3.00721 2.534617 2.023448 1.512279 1.001111 0.4899419 0 0 0 0 0 0 0 0 0 0 0 0 1.185171 4.205135 7.276282 10 9.941345 9.449307 8.957271 8.465234 7.973197 7.875678 8.521841 9.168004 9.814167 10 18.87981 26.44034 30.29102 31.68525 23.49625 22.2477 25.99216 22.38529 16.98257 12.8307 10 10 10 10 16.4374 25.59032 35.38784 42.65228 47.98749 50 53.27217 58.47411 60 58.75519 52.65348 52.56591 55.91065 59.83175 54.16093 46.78873 46.89565 50.92418
3.832057 3.841941 3.851825 3.861708 3.871592 3.881475 3.891359 3.901242 3.881515 3.370346 2.859178 2.348009 1.83684 1.325671 0.8145027 0.3033339 0 0 0 0 0 0 0 0 0 0 0 0 0 2.536727 5.594817 8.156181 8.200727 7.708691 7.216653 6.724617 6.531885 7.178048 7.824211 8.470374 9.116537 9.7627 14.19465 21.78078 26.51737 22.65829 16.15073 14.97556 21.14801 20 16.0539 10.71925 10 10 10 10 16.31957 26.54519 36.93498 45.60047 50 50 57.51524 60 60 51.84565 45.16012 44.83657 47.95889 52.54361 50 39.35006 38.77247 42.45036
4.75574 4.765624 4.775507 4.785391 4.795274 4.805158 4.717245 4.206076 3.694907 3.183738 2.67257 2.161401 1.650232 1.139063 0.6278947 0.116726 0 0 0 0 0 0 0 0 0 0 0 0 0 0.8625991 3.906017 6.39507 6.460111 5.968073 5.476037 5.188091 5.834254 6.480417 7.12658 7.772743 8.428756 9.20776 9.976966 16.42499 19.86909 16.17577 10.45214 10 13.67159 17.84082 13.26947 10 10 10 10 10 14.92253 23.70755 32.05355 42.7311 49.71331 45.11057 44.31596 51.06171 60 48.36613 39.04657 36.98746 38.66752 43.82449 46.01864 36.15361 32.06082 35.32566
5.679422 5.689306 5.69919 5.709073 5.552974 5.041805 4.530636 4.019468 3.508299 2.99713 2.485962 1.974793 1.463624 0.9524555 0.4412867 0 0 0 0 0 0 0 0 0 0 0 0 0 0 0 2.331098 4.633959 4.719493 4.227457 3.844298 4.490461 5.136624 5.782787 6.467289 7.243721 7.99815 8.752543 9.522884 11.09355 14.35697 11.17876 10 10 10 10.62217 10 10 10 10 10 10 13.95072 21.72848 30.16103 40 40 36.23646 36.49401 43.85338 50 46.08088 35.00134 29.7939 29.84093 35.50726 40 36.47275 30 28.96059
6.603105 6.612988 6.388703 5.877535 5.366366 4.855197 4.344028 3.83286 3.321691 2.810522 2.299354 1.788185 1.277016 0.7658475 0.2546788 0 0 0 0 0 0 0 0 0 0 0 0 0 0 0 0.5699866 2.872848 2.978877 2.500504 3.146668 3.792831 4.505822 5.269381 6.05242 6.897207 7.741993 8.390804 8.99582 9.518895 9.933831 10 10 10 10 10 10 10 10 10 10 10 10.88599 18.99973 29.45704 36.2249 31.52172 28.51124 30 38.75057 50 47.07307 34.06536 25.63717 24.03098 28.21705 34.46444 33.55531 24.78172 21.83549
7.224433 6.713264 6.202096 5.690927 5.179758 4.668589 4.157421 3.646252 3.135083 2.623914 2.112746 1.601577 1.090408 0.5792395 0.06807081 0 0 0 0 0 0 0 0 0 0 0 0 0 0 0 0 1.111736 1.238259 1.802874 2.540611 3.352296 4.197083 5.04187 5.886656 6.640929 7.273465 7.858476 8.460671 8.971313 9.435932 9.81347 10 10 10 10 10 10 10 10 10 10 10 14.40597 23.77554 23.1615 21.71538 20.91615 26.16162 35.08003 46.29833 48.33127 34.34637 22.78514 20 21.39687 27.02093 25.79389 20 20
7.037825 6.526656 6.015488 5.504319 4.99315 4.481981 3.970813 3.459644 2.948475 2.437306 1.926138 1.414969 0.9038003 0.3926316 0 0 0 0 0 0 0 0 0 0 0 0 0 0 0 0 0 0 0.6521727 1.496959 2.341746 3.186532 4.031319 4.868842 5.538969 6.19883 6.822593 7.519052 8.010528 8.613583 8.991121 9.368659 9.746198 10 10 10 10 10 10 10 10 10 10 10 10.07728 10.22126 10.26106 11.73355 22.70393 32.11209 42.55798 46.89977 34.39797 23.42826 20 20 20 20 20 20.75646
6.851217 6.340048 5.828879 5.317711 4.806542 4.295373 3.784205 3.273036 2.761867 2.250699 1.73953 1.228361 0.7171923 0.2060236 0 0 0 0 0 0 0 0 0 0 0 0 0 0 0 0 0 0 0.4864086 1.331195 2.175982 3.020768 3.774067 4.452351 5.08442 5.796906 6.577432 7.069327 7.791234 8.168772 8.54631 8.923848 9.301387 9.678925 10 10 10 10 10 10 10 10 10 10 10 10 10 11.39325 22.55982 31.74474 42.65349 49.89849 36.2532 26.4406 20 20 18.1932 18.31272 20 23.69763
6.664609 6.15344 5.642272 5.131103 4.619934 4.108766 3.597597 3.086428 2.575259 2.06409 1.552922 1.041753 0.5305843 0.01941563 0 0 0 0 0 0 0 0 0 0 0 0 0 0 0 0 0 0 0.3206444 1.165431 1.981159 2.709051 3.40184 4.12629 4.855286 5.602233 6.169654 6.949503 7.346423 7.723961 8.101499 8.479037 8.856575 9.234114 9.611651 9.98919 10 10 10 10 10 10 10 10 10 10 10 18.01659 26.4339 34.93158 45.93927 51.72271 39.59415 29.99796 20 19.52472 16.3103 15.4217 17.73387 22.22134
6.478001 5.966832 5.455664 4.944495 4.433326 3.922158 3.410989 2.89982 2.388651 1.877483 1.366314 0.8551451 0.3439764 0 0 0 0 0 0 0 0 0 0 0 0 0 0 0 0 0 0 0 0.1548803 0.9121882 1.666828 2.388118 3.133141 3.913667 4.59481 5.26998 6.04983 6.524074 6.901612 7.27915 7.656688 8.034226 8.411764 8.789303 9.166841 9.544379 9.921917 10 10 10 10 10 10 10 10 10 15.43574 24.03864 31.63863 41.15638 54.49947 60 46.53416 33.98766 23.01149 17.64181 14.42739 12.53068 14.55243 16.59748
6.291393 5.780224 5.269056 4.757887 4.246718 3.735549 3.224381 2.713212 2.202043 1.690875 1.179706 0.6685371 0.1573684 0 0 0 0 0 0 0 0 0 0 0 0 0 0 0 0 0 0 0 0 0.649945 1.429988 2.191521 2.972047 3.643857 4.370307 5.150156 5.701724 6.079262 6.4568 6.834339 7.211877 7.589415 7.966953 8.344491 8.72203 9.099567 9.477106 9.854644 10 10 10 10 11.38853 15.42309 17.11777 18.08935 23.61786 30.99037 39.70021 53.14862 60 58.51647 45.11784 33.71171 24.63041 15.56516 11.8155 10 10 10
6.104785 5.593616 5.082448 4.571279 4.06011 3.548942 3.037773 2.526604 2.015435 1.504267 0.9930979 0.4819292 0 0 0 0 0 0 0 0 0 0 0 0 0 0 0 0 0 0 0 0 0 0.4693755 1.249901 2.030427 2.731939 3.470633 4.250483 4.879375 5.256913 5.634451 6.01199 6.389528 6.767066 7.144604 7.522142 7.89968 8.277219 8.654757 9.032295 9.409833 9.787372 10 10 10 15.38217 20.88444 25.09872 29.27371 33.5384 42.17406 50 49.05657 46.17303 49.83456 45.51298 32.16769 24.00001 12.85286 10 10 10 10
5.918177 5.407009 4.89584 4.384671 3.873502 3.362334 2.851165 2.339996 1.828827 1.317659 0.8064899 0.2953212 0 0 0 0 0 0 0 0 0 0 0 0 0 0 0 0 0 0 0 0 0 0.3082818 1.088808 1.82002 2.57096 3.350809 4.057026 4.434564 4.812102 5.18964 5.567178 5.944716 6.322255 6.699793 7.077331 7.454869 7.832407 8.209946 8.587483 8.965022 9.34256 9.720098 10 10.80794 16.84689 22.77322 28.81987 35.63699 42.94113 50 41.45155 35.31763 35.91187 41.63527 41.40149 37.73904 26.96735 17.4411 10 10 10 10
5.604988 5.2204 4.709232 4.198063 3.686894 3.175725 2.664557 2.153388 1.642219 1.131051 0.619882 0.1087133 0 0 0 0 0 0 0 0 0 0 0 0 0 0 0 0 0 0 0 0 0 0.1471881 0.908101 1.671286 2.451136 3.230985 3.612215 3.989753 4.367291 4.744829 5.122367 5.499906 5.877444 6.254982 6.63252 7.010058 7.387597 7.765134 8.142673 8.520211 8.897749 9.275288 9.652825 10.93422 16.29784 21.95959 28.53405 36.73935 45.62046 43.17052 33.73516 26.95113 27.67398 34.0978 40 40 31.54975 22.38841 12.69194 10 10 10
