data/DEM.txt
ncols         157
nrows         141
xllcorner     183648.0321
yllcorner     517256.9598
cellsize      30.000000000019
NODATA_value  -9999
[rows 99 to 131 of 141, columns 0 to 73 of 157]
10 10 10 10 10 10 10 10 11.85391 14.01463 16.17534 17.88477 20 19.78845 17.21074 15.37623 14.68117 13.98611 15.59678 19.65366 20 18.04001 16.10361 14.2567 12.36273 11.54825 12.32067 13.38953 14.52642 15.66435 16.80228 18.67646 20 20 20 20 20 20 20 20 17.38686 10 10 10 10 10 10 10 10 10 10 10 10 10 10 10 10 10 9.680911 9.147637 8.614363 8.134197 7.979815 7.825434 7.671052 7.51667 7.362288 7.207906 7.285198 7.060257 6.712375 6.43047 6.063648 5.765616
10 10 10 10 10 10 10 10 10 11.6499 13.81062 14.71244 16.39222 16.78643 15.4729 13.33315 11.41691 11.04697 14.35525 17.8847 19.36237 16.3582 14.15904 12.17864 10.27046 10.58066 11.71859 12.85652 13.99445 15.18709 17.52083 19.85457 20 20 21.05066 24.02624 25.74327 26.01493 23.90478 21.75044 17.88091 13.3723 10 10 10 10 10 10 10 10 10 10 10 10 10 10 10 10 9.87466 9.341385 8.841457 8.6791 8.524718 8.370336 8.215954 8.061572 7.90719 7.824343 7.896728 7.634592 7.347683 7.045498 6.767345 6.44236
10 10 10 10 10 10 10 10 10 10 11.3327 10.74338 11.65753 12.75011 12.9148 11.12653 10 10 11.62225 14.09349 14.97629 13.9815 11.87255 10.01099 10 10.04869 11.18662 12.32455 14.03146 16.3652 18.69894 20 20 20 20.9223 25.69201 30.84694 35.20634 34.70755 31.64915 25.22967 22.49435 20.84752 16.8343 14.86106 14.38674 14.86901 14.43637 10.16691 10 10 10 10 10 10 10 10 10 10 9.552896 9.378385 9.224003 9.06962 8.915238 8.760857 8.606475 8.452092 8.4751 8.404939 8.233854 8.020841 7.716237 7.423994 7.146894
10 10 10 10 10 10 10 10 10 10 10 10 10 10 10 10 10 10 10 10 10.5902 10 10 10 10 10 10.65465 12.87584 15.20958 17.54332 19.87706 20 20 20 20 26.65983 33.6902 42.36381 45.64268 41.72773 40.35601 36.95317 31.09893 26.80809 25.5003 23.6549 20 15.96049 10.83449 10 10 10 10 10 10 19.07867 27.53318 26.90449 17.90649 10 9.923287 9.768905 9.614523 9.460141 9.305759 9.151377 9.014245 9.125855 9.07169 8.895864 8.682224 8.425084 8.120799 7.851428
10 10 10 10 10 10 10 10 10 10 10 10 10 10 10 10 10 10 10 10 10 10 10 10 10 10.75784 13.52645 14.05395 16.38769 18.72143 20 20 20 20 20 27.63277 36.03387 45.10691 50 50 48.92108 42.51417 35.68909 30 30 28.14884 20.11943 15.48585 10 10 10 10 10 10 14.31204 26.87209 40 35.67001 23.29274 12.67176 10 10 10 10 9.850661 9.69628 9.665001 9.776612 9.7658 9.611212 9.375954 9.094704 8.825333 8.555962
10 10 10 10 10 10 10 10 10 10 10 10 10 10 10 10 10 10 10 10 10 10 10 10 12.70216 15.88663 18.70515 19.16885 18.83371 19.89955 20 20 20 20 20 27.2014 38.88317 49.50083 50 50 46.13177 39.08136 30.33132 26.04394 26.56735 27.7795 20.9738 19.04813 10 10 10 10 10 10 17.19799 27.6625 40 40 28.13026 17.97055 10 10 10 10 10.85884 16.05028 16.82957 21.30057 22.08797 18.61761 11.76749 9.799238 9.529866 9.260495
10 10 10 10 10 10 10 10 10 10 10 10 10 10 10 10 10 10 10 10 10 10 10 12.20687 16.49028 20.68211 25.44809 29.5624 26.97114 23.6398 20 20 20 20 20 24.87886 38.01828 47.07097 50 50 43.1987 33.02952 23.30441 20 20 20 20 15.45588 10 10 10 10 10 10 18.30645 28.66514 40 40 30.13132 18.08511 10 10 10 12.88354 19.96164 30.23693 31.57432 30 26.66222 20.69702 12.32885 10 10 9.96503
10 10 10 10 10 10 10 10 10 10 10 10 10 10 10 10 10 10 10 10 10 10 11.05979 14.473 18.94147 20.65815 25.80903 28.00481 28.01602 30 29.61431 24.3161 20 20 20 20.53305 32.43076 40.88917 45.2679 50 44.00034 33.01229 24.48176 20 20 20 13.49482 10 10 10 10 10 10 10 16.76719 25.01279 40 40 33.70951 19.27312 10.14378 10 11.30651 18.21443 25.75795 35.7698 39.61953 31.86755 23.34536 20 15.88394 17.97732 23.63514 24.06993
10 10 10 10 10 10 10 10 10 10 10 10 10 10 10 10 10 10 10 10 10 11.06334 13.90793 17.13974 20 20 21.44053 21.51532 22.86755 26.83874 30 30 25.09832 20 20 21.49488 27.54398 32.59785 37.67359 47.63043 47.79387 37.39331 30.76876 23.39164 20 19.78863 13.32221 10 10 10 10 10 10.7145 11.28141 14.15043 21.71589 39.35037 40 40 20.01787 10 10 13.21739 22.13177 31.95755 40 40 33.50657 25.82843 21.52064 23.07754 28.65605 30 23.98053
10 10 10 10 10 10 10 10 10 10 10 10 10 10 10 10 10 10 10 10 10 11.6146 14.98049 18.33969 20 20 20 20 22.54088 26.93508 30 30 29.3856 25.78639 20 23.76899 28.70407 30 33.8309 43.79256 50 44.99368 36.68058 30.27457 25.84364 21.82423 15.13652 10 10 10 10 18.62647 27.2862 23.35746 20 20 38.41128 40 34.52622 17.53363 10 10 16.2605 26.02807 40 40 34.19855 31.26439 28.13974 29.12436 30 30 29.15294 19.06378
10 10 10 10 10 10 10 10 10 10 10 10 10 10 10 10 10 10 10 10 10 11.12585 14.42609 17.44471 19.1221 19.97429 20 20 21.00669 23.95457 26.65983 25.16271 25.82037 24.87782 20.0995 25.60887 30 30 32.10661 38.5617 47.51531 50 41.05416 35.02035 29.07291 21.97119 15.22687 10 10 10 10 22.29961 38.01151 35.97638 26.33887 20 35.06953 40 29.1323 16.70475 11.99095 12.13256 19.37064 30.62906 40 39.75414 27.96861 23.12127 20.6639 22.43323 25.98295 26.27875 21.33957 10.91996
10 10 10 10 10 10 10 10 10 10 10 10 10 10 10 10 10 10 10 10 10 10 12.71525 15.04874 16.62503 17.60248 18.55991 19.51734 20 20.30626 21.07813 20 20 20 20.86713 23.82139 28.13121 28.19144 28.06336 33.44389 42.57658 50 43.84311 35.81749 29.28529 22.50491 15.61349 10 10 10 12.92356 25.78145 40 40 32.30729 24.92216 39.03693 40 25.22578 16.9833 15.65341 16.94366 24.98056 37.24031 40 34.81271 25.5997 18.4524 14.14701 14.1932 16.44637 15.08216 11.53507 10
10 10 10 10 10 10 10 10 10 10 10 10 10 10 10 10 10 10 10 10 10 10 10.19218 12.54118 14.24868 15.23067 16.1881 17.0996 17.67396 17.84059 19.14563 20 20 20 20 20 20 22.12095 24.54859 30.4525 38.30728 46.55462 45.57359 37.7613 32.04734 22.79997 15.92609 10.28161 10 10 14.60675 24.12451 32.44544 37.87281 40 30 40 36.30777 22.12308 20 19.33194 20.5096 30.92757 40.36575 40 33.32258 26.16979 19.70512 14.1088 10 10 10 10 10
10 10 10 10 10 10 10 10 10 10 10 10 10 10 10 10 10 10 10 10 10 10 10 10.27893 11.87232 12.85887 13.66311 14.54506 15.1325 15.5955 18.12243 20 20 20 20 20 20 20 23.24326 30.06555 36.6945 44.75539 50 42.55984 33.12016 22.51079 14.03337 10 10 10 14.33671 19.24484 24.75622 33.89029 40 40 40 32.02661 20.15138 20 20 26.50637 36.87371 47.45565 46.22505 40 35.62944 28.67484 20.37072 11.45185 10 10 10 10
10 10 10 10 10 10 10 10 10 10 10 10 10 11.28537 13.48578 14.33176 10 10 10 10 10 10 10 10 10 10.36174 11.05669 12.02937 12.61366 14.5723 17.09923 19.62616 20 20 20 20 20 20 23.88902 30.09587 36.35073 44.83946 50 43.9507 29.38925 20 15.29541 10.29313 10.67769 11.69836 13.90741 18.10904 25.30102 34.96101 46.04121 50 41.00562 27.8516 20 20 24.57983 33.78268 44.06935 50 43.28092 37.0828 34.55492 30 21.99664 11.24269 10 10 10 10
10 10 10 10 10 10 10 10 10 10 10 10.70971 12.90676 15.28483 17.65106 20 16.35225 10 10 10 10 10 10 10 10 10 10 10 11.02218 13.54911 16.07603 18.60296 20 20 20 20 20.13929 24.52131 29.69494 35.13731 38.79685 47.56393 49.82949 38.74161 23.77044 20 18.79926 15.35709 15.30378 15.57383 16.13428 18.13351 23.549 34.08294 48.64687 50 37.38293 26.89499 21.00913 25.22442 34.28654 45.74833 50 45.0017 35.60377 29.93156 26.92999 22.52621 17.42575 10.52677 10 10 10 12.09336
10 10 10 10 10 10 10 10 10 10 10.05586 11.63793 13.57674 15.51556 17.52763 19.64029 20 17.3671 11.72705 10 10 10 10 10 10 10 10 10 10.13682 12.68069 15.22456 17.57976 20 20 20 20.41773 24.75262 29.40702 36.93481 43.8483 40 44.47159 40.45277 29.37052 20 20 22.67484 21.54861 18.88885 19.4493 20 20 24.44147 32.6199 45.72968 50 39.41294 29.27003 29.62101 32.71208 49.18373 50 41.74506 34.76096 28.04108 22.02571 19.52238 16.40197 13.598 10 10 10 13.99429 17.21241
10 10 10 10 10 10 10 10 10 10 10.13433 12.4069 14.06103 15.99985 17.93867 19.87749 20 20 18.98489 13.42443 10.74385 11.0267 10 10 10 10 10 10 10 11.89419 14.49124 17.08829 19.86047 20 22.57473 25.6603 29.84729 37.14094 45.8442 49.7135 42.2919 34.63422 30.42448 22.48323 20 26.96638 33.64914 29.8952 20 20 20 20 22.82104 29.7613 39.22795 50 46.32671 32.4053 30 38.75624 54.73769 52.30128 36.98286 28.44493 23.45918 20 19.4095 15.66068 11.9729 10 10 14.18166 20.31114 24.18506
10 10 10 10 10 10 10 10 10 10 10.2128 12.48537 14.75794 16.48414 18.42296 20 20 20 19.16546 14.74618 13.91062 13.82875 11.92377 10 10 10 10 10 10 10.0595 12.5732 15.25991 17.86579 20.23215 25.54333 30 36.85481 47.05227 50 47.34774 39.41099 29.50983 23.12284 20 27.41224 39.81252 42.9616 34.00579 20.20052 20 20 22.69567 22.77085 27.4151 34.63081 50 50 36.23467 33.69615 45.21966 60 54.49183 38.16842 29.5811 23.87824 20 19.29662 15.93177 13.3026 13.33813 15.708 18.85193 25.76464 32.63536
10 10 10 10 10 10 10 10 10 10 10.29127 12.56384 14.83641 17.10898 18.90725 20 20 20 20 17.53241 17.0774 16.35481 14.11948 10.83643 10 10 10 10 10 10 10.65852 13.20179 15.97381 19.35207 23.86024 29.27041 38.27296 50 49.95329 42.75212 34.20406 30 27.64523 27.00101 37.28671 46.79849 50 37.13427 22.87182 20 23.63494 28.95194 27.40616 30 31.72364 42.09198 50 43.3562 39.49558 52.76102 69.98443 58.23523 49.12322 41.09399 36.34146 27.64709 19.87803 19.15096 19.553 19.95504 24.31447 30.36252 36.98688 42.55973
10 10 10 10 10 10 10 10 10 10 10.36974 12.64231 14.91488 17.18753 19.5587 21.18323 21.49537 26.82955 24.9821 20.77454 20.55829 19.05247 17.08919 14.0683 11.92207 10.76633 10 10 10 10 10 11.07312 14.91268 18.75609 23.91275 29.55017 38.72617 46.86766 42.92223 40 39.72474 38.77087 35.98781 34.57451 42.82889 52.52124 55.52312 39.19419 25.17196 20 25.78018 32.96132 32.41721 30 30.61382 39.22517 51.89252 55.94697 53.70063 59.44407 70 65.13393 56.74481 47.97096 39.13165 29.05579 20 20 20 20 23.57159 30.86174 37.68132 45.89165
10 10 10 10 10 10 10 10 10 10 11.01684 13.86024 16.55449 18.96599 22.44371 26.90784 28.46209 33.43222 32.1554 28.14618 26.39488 24.00876 19.24761 16.34366 14.85275 14.1947 13.17215 11.59015 10 10 10 11.90115 15.28837 18.39456 22.96681 29.82689 38.02165 40 40 40 40 40 40 42.59864 48.61288 59.13694 65.43799 45.63547 30.5093 23.42902 27.62606 35.57689 39.36367 35.29952 32.84 38.81716 52.93606 65.14425 68.82949 70 64.90714 56.49757 46.75803 39.10613 30.49115 22.28876 20 20 20 20 20.76971 28.56702 39.03084 49.1956
10 10 10 10 10 10 10 10 10 12.46598 15.42825 17.40956 19.05061 23.78815 29.9728 34.92393 36.25809 40.77759 40.11193 36.1185 32.38076 27.21964 20.34455 18.89139 18.23333 17.57528 17.22633 18.21057 17.1134 12.88698 12.15396 13.32461 14.55778 17.10837 19.72309 27.96202 34.75444 35.80611 36.34519 40 40 39.76942 40.55162 47.62032 54.09175 63.42931 70 55.29321 38.2195 30 30 39.63401 47.13379 42.54671 39.45249 40 53.07663 65.19656 70 67.29078 54.55707 42.0042 36.48968 30.70117 24.54562 20 20 20 20 20.71252 28.80568 30.38057 40.40726 50
10 10 10 10 10 10 10 10 10 17.59822 21.41237 24.5111 27.92841 31.96329 39.45177 45.22337 46.77857 49.15715 50 44.90933 38.42799 32.70233 24.03048 20 20 20 21.84727 28.28635 27.93792 19.65166 16.45629 17.68946 18.92263 20 20 26.16655 30 30.28235 31.09704 34.4929 34.63199 32.87547 38.493 45.21656 49.70926 56.79071 68.81636 63.7153 47.46033 35.20293 31.42963 40.19353 51.03572 52.83674 44.85689 43.94697 55.12251 70 67.67654 62.58261 51.25765 36.97052 30.39883 28.63859 22.96032 20 20 20 21.39001 28.55773 33.84585 41.9035 45.38903 51.48457
10 10 10 10 10 10 10 17.4349 20 25.00616 29.33368 30 34.309 38.17909 44.90144 50 48.4707 48.55272 49.44019 47.85876 40.90165 34.58624 25.82771 20 20 20 27.10321 38.09697 40 29.1332 20 20 20 20 20 21.08454 26.42922 26.74653 26.66816 29.34906 29.34402 30 35.68793 40.15054 44.57208 50.66571 61.93333 70 54.1289 41.02344 37.92082 41.15046 53.34074 65.1244 58.20129 55.17144 64.55652 70 56.3701 51.4692 46.03939 33.10331 30 30 23.502 20 20.42762 23.54746 29.52137 36.41087 42.00222 49.70359 56.32671 59.37876
14.54363 10 10 10 10 10 10 16.64462 22.6763 27.07611 30 30 34.88992 39.76242 41.1869 39.74311 39.10443 40.79016 39.96737 38.14466 34.69512 28.32025 20.68419 20 20 20 26.82351 37.08212 40 30.88631 20.26287 20 20 20 20 20 20 20 22.43849 24.61007 25.74607 27.99664 32.20837 36.07677 39.95348 48.1467 59.13267 70 60.50509 48.52851 40.43922 42.88254 52.43327 70 74.67139 72.28252 76.2681 71.33791 51.93858 40 36.51043 30 32.06307 34.45148 29.91714 24.7301 26.9589 31.69398 41.31971 47.45708 51.79536 60 60 51.47725
18.82636 10 10 10 10 10 10 13.3994 20.62088 23.96896 26.94314 30.00107 32.64887 33.76521 32.66208 30.63082 30.25596 31.50297 30 30 27.1041 22.00638 20 20 20 20 26.02193 34.2274 35.14207 30.28211 21.47241 20 20 20 20 20 20 20 20 20.09777 22.44094 25.70884 29.26303 33.41331 39.00437 48.35678 59.16985 70 67.54572 55.5309 48.08332 47.70063 52.54978 66.64806 80 86.08858 83.7338 74.20397 56.59796 44.6685 38.6895 39.80628 46.29515 39.6096 30.32728 30.09794 34.76631 41.932 50 57.30984 60 60 60 48.40572
16.29391 10 10 10 10 10 10 10 15.98748 18.76286 21.30196 24.9108 26.02897 24.84348 22.96707 22.14549 23.81008 29.57356 25.9034 25.07138 21.625 20 20 20 20 20 22.58536 30.68645 30 29.65408 20.2963 20 20 20 20 20 20 20 20 20 20.52295 23.77447 27.32888 33.06406 39.03309 48.92129 60.4038 75.12166 76.00797 65.85018 58.43135 57.38834 58.68744 64.60144 78.87035 90 85.9618 73.77453 57.38902 47.23656 50.62989 56.56163 51.94472 40 35.82245 41.97462 46.87437 50 50 51.60061 54.12364 58.49989 60 58.37989
14.46762 10 10 10 10 10 10 10 11.46491 14.22302 17.07732 19.43003 20 20 20 20 20 27.58342 26.51396 20.3332 20 20 20 20 20 20 24.72615 30 32.55604 32.5222 25.77729 20 20 20 20 20 20 20 20 20 20 21.36917 26.32332 32.30693 38.75196 48.46411 60.70468 75.3729 80 78.92702 76.03932 75.18486 73.83843 73.71443 80.57667 90 84.75612 70.63244 60 62.46909 69.46253 67.76962 51.63447 40 50 50 50 47.51187 39.1362 38.86551 44.21692 49.65261 52.30263 55.19864
13.13197 10 10 10 10 10 10 10 10 10.41291 13.28291 14.99111 17.64044 20 20 20 22.84437 27.40468 29.7202 25.82735 20 20 20 20 20 20 24.29372 30 37.93472 36.89351 27.64556 20 20 20 20 20 20 20 20 20 20 20 23.84088 30.35614 37.6686 46.83382 57.1939 70.1197 76.64919 80 80 80 89.89546 90 90 90 86.56052 78.19173 76.1116 74.28161 70 63.96095 57.9157 56.06482 52.08288 42.12663 42.61871 42.51781 33.35947 32.83689 36.52375 38.63835 39.12603 44.54895
11.97202 10 10 10 10 10 10 10 10 10 10 11.79548 14.8924 17.98931 20 24.63978 30.03478 33.46367 35.63114 33.10236 27.29946 20.33017 20 20 20 20 25.65261 30 37.26134 36.53818 28.30758 20 20 20 20 20.84219 23.7837 22.21884 20 20 20 20 21.16083 27.76769 34.79457 40.54887 49.1614 56.15547 63.07133 67.48835 71.09132 76.34701 87.35593 88.05043 77.20296 74.40405 79.69121 80 80 72.15921 59.54873 53.97513 58.85973 59.6248 47.90395 38.50733 35.82035 37.95412 30.54158 28.32236 29.47982 28.89062 29.72306 36.13604
10.06456 10 10 10 10 10 10 10 10 10 10 10.69608 13.8038 17.04991 20.66799 27.86026 33.43237 38.25711 40 40 35.07185 28.08434 22.9586 20 20 21.19749 28.05796 33.37523 40 37.88383 29.16115 20 20 20 20 21.82907 28.87739 29.08299 25.73189 22.61135 20 20 23.0348 27.16487 31.39962 35.18658 38.64584 43.72964 48.69448 55.84234 65.4437 75.26511 87.74915 86.59576 71.14783 59.52098 64.08392 71.30125 71.80176 63.1095 49.22691 41.61752 48.58394 47.21535 40.12779 30.51215 28.54713 29.26342 26.11703 20 20.6881 20 23.79125 30
10 10 10 10 10 10 10 10 10 10 10 10 12.35214 15.62094 18.78073 24.64007 31.89013 40 40 40 36.88282 30 26.60804 22.78099 20 23.45558 28.602 33.36756 40 40 30.80195 21.51465 20 20 20 21.79371 30 30 30.99956 28.11615 24.45571 21.74589 24.52552 27.91733 30 31.8405 35.36468 39.76711 45.95332 55.43329 68.93194 78.86369 96.2329 87.85444 70.15927 54.01727 51.11369 57.63291 62.12012 52.91196 41.19812 35.08738 36.40237 35.42521 30.39923 26.11407 22.78085 20 20 20 20 20 20 25.40299
