data/DEM.txt
ncols         157
nrows         141
xllcorner     183648.0321
yllcorner     517256.9598
cellsize      30.000000000019
NODATA_value  -9999
[rows 0 to 32 of 141, columns 74 to 147 of 157]
18.99824 19.69818 20 20 20 20 20 20 20 20 23.97788 31.59119 36.56712 41.23528 46.07904 50.75956 58.97725 60 60 60 60 57.42199 50.08185 39.3727 33.75634 29.35532 26.96511 25.47469 24.53087 24.33125 24.64387 28.64024 33.07963 38.73069 40 40 29.70141 25.29339 23.45746 23.33248 24.01213 22.71655 20 20 19.38339 17.60501 15.82663 14.04825 12.26987 10.49149 10 11.07031 12.36412 13.63793 14.91173 16.18554 17.45935 18.73316 20 20 20 20 20 20 20 20 20 20 19.57072 18.83814 18.10555 17.64488 17.08386 16.39413
20 20 20 20 20 20 20 20 20 20 20 20.8239 26.17163 30.537 35.33941 40.86409 47.5221 56.8275 59.43187 57.69456 60 57.5287 52.01969 43.69348 33.59105 28.1895 25.45476 23.32108 22.57648 21.63267 21.08101 22.23722 24.67439 31.56258 36.36257 36.59914 30.92682 23.58132 20.14357 20 20 20.35966 20 20 19.34697 17.44964 15.56144 13.68049 11.79953 10 10.00557 11.05077 12.32158 13.59539 14.8692 16.14301 17.41682 18.69063 19.96444 20 20 20 20 20 20 20 20 19.55796 18.82538 18.09279 17.36021 16.67698 16.26317 15.52768
20 20 20 20 20 20 20 20 20 20 20.51359 20.42928 23.89304 27.81076 30 32.81553 40.15731 48.46626 50.67803 50.58047 53.58257 52.90306 49.33098 41.00121 29.548 26.55379 23.80075 21.55419 20.6221 20 20 20 20 21.74417 30.0118 30.00102 30 23.25198 20 20 20 19.73024 19.18423 18.63886 18.06563 16.98856 15.1287 13.13362 11.22821 10 10.26158 11.30679 12.35199 13.55285 14.82666 16.10047 17.37428 18.64809 19.9219 20 20 20 20 20 20 20 19.7296 18.98675 18.20076 17.34745 16.61486 15.88228 15.29527 14.72186
20 20 20 20 20 20 20 20 20.41304 22.05476 23.40318 23.3851 25.10495 29.02267 30 30 34.92561 43.68423 47.06151 47.2616 47.22067 47.17721 43.6483 33.23017 27.99285 25.15726 21.83433 20 20 20 20 20 20 20 20 29.96352 30 25.85371 20 19.86385 19.31784 18.77182 18.22581 17.71481 16.79284 16.01108 14.56742 12.95677 10.90028 10 10.59698 11.5628 12.608 13.65321 14.78413 16.05794 17.33175 18.60556 19.87937 20 20 20 20 20 20 19.88753 19.13458 18.38164 17.67288 16.89931 15.86952 15.13693 14.40435 13.91569
20 20 20 20 20 20 20 21.22915 22.97547 24.6172 26.18485 26.32925 26.31685 30 30 30 33.06159 40 41.38457 42.55697 41.57523 41.47447 37.11012 27.83796 25.27665 23.17346 20.91834 20 20 20 20 20 20 20 20 20 24.92243 21.30223 19.45145 18.90543 18.35942 17.81341 17.2674 16.72138 16.11062 14.94682 13.95652 12.47172 10.74519 10 10.87947 12.00172 13.05457 13.90922 14.95443 16.0154 17.28921 18.56302 19.83683 20 20 20 20 20 20 19.29252 18.53957 17.78663 17.06286 16.35901 15.59785 14.46212 13.659 12.94566
20.41441 20 20 20 20 20 20.73595 23.57542 25.30737 27.06393 28.82135 29.27339 28.7234 30 30 32.19717 37.34752 45.48021 44.91822 39.19052 34.0097 31.95526 26.08345 23.56087 21.76773 20.17372 20 20 20 20 20 20 20 20 20 20 20 19.64392 18.85794 18.06887 17.401 16.85499 16.30898 15.76297 15.21695 14.32258 13.1008 11.90197 10.37602 10 11.19082 12.28245 13.40469 14.52693 15.4253 16.25858 17.30085 18.52048 19.79429 20 20 20 20 20 19.45045 18.6975 17.94456 17.19161 16.45284 15.74899 15.04515 14.2964 13.16067 12.18107
23.15757 21.57642 20 20 20.61447 22.30703 24.1016 25.88297 27.62904 29.38559 30 30 30 30 30 36.99292 43.58839 50 46.89031 35.52702 29.33023 26.1189 21.29928 20 20 20 20 20 20 20 20 20 20 20 20 20 20 19.46033 18.58045 17.73504 16.93746 16.05894 15.35056 14.80455 14.25854 13.71252 12.53455 11.25478 10 10.22644 11.72066 12.99559 13.8068 14.78874 15.9299 16.96274 17.79603 18.62931 19.75176 20 20 20 20 19.60838 18.85544 18.10249 17.34954 16.5966 15.84365 15.13897 14.43512 13.73128 12.99494 11.85921
25.90072 24.31958 23.16683 22.88134 23.88641 25.65206 27.45596 29.36665 30 30 30 30 30 30 30 35.04204 42.29647 50 46.67228 34.93916 27.70198 23.42795 20 20 20 20 20 20 20 20 20 20 20 20 20 20 20 19.27675 18.39687 17.51699 16.63714 15.80613 14.93992 14.04901 13.30012 12.75411 12.16414 10.74651 10 10.36056 11.95469 13.5007 14.82784 15.57217 16.42278 17.38657 18.45511 19.33347 20 20 20 20 19.76631 19.01337 18.26042 17.50748 16.75453 16.00159 15.24864 14.52895 13.8251 13.12126 12.41741 11.69349
28.58606 27.43639 27.36569 27.21055 27.4817 28.91586 31.92247 33.03568 30 30 30 30 29.74232 30 30 30 38.59768 49.42326 47.83336 35.75294 28.20262 24.03494 20 20 20 20 20 20 20 20 20 20 20 20 20 20 19.97305 19.09316 18.21329 17.3334 16.45352 15.57367 14.7362 13.84167 12.94239 12.03909 11.24968 10.37611 10 10.79973 12.40047 13.68294 15.27707 16.6601 17.34504 18.18815 19.0437 20 20 20 20 19.92424 19.1713 18.41835 17.66541 16.91246 16.15952 15.40657 14.65363 13.91893 13.21508 12.51124 11.80739 11.10354
30.88783 34.59956 34.77103 35.1809 35.19757 37.89309 40 35.78662 30 30 30 28.80729 26.9209 28.04286 29.61912 30 37.86174 47.89288 49.57597 37.36734 28.84166 23.60915 20 20 20 20 20 20 20 20 20 20 20 20 20 20 19.78946 18.90958 18.0297 17.14982 16.26994 15.39006 14.5102 13.66626 12.75433 11.86046 10.94485 10.02916 10 11.25746 12.86512 14.48319 15.77549 17.008 18.49236 19.1773 19.95351 21.27631 22.52381 21.35494 20 19.32923 18.57629 17.82334 17.07039 16.31745 15.5645 14.81156 14.05861 13.30891 12.60506 11.90122 11.19737 10.49352
41.97831 46.01691 47.6439 47.88655 43.67368 40 36.40005 31.83575 30 29.19846 28.50736 26.26318 24.09948 24.93133 26.50759 29.36829 37.76051 47.1356 50 38.87455 29.67793 21.79806 20 20 20 20 20 20 20 20 20 20 20 20 20 20 19.60588 18.726 17.84612 16.96624 16.08636 15.20648 14.3266 13.44673 12.57255 11.6844 10.77247 10 10.09089 11.71764 13.34438 14.97113 16.54857 17.93219 19.15413 20 24.11189 27.0316 27.5185 24.47882 20.35665 19.0936 18.10504 17.22833 16.47538 15.72244 14.96949 14.21655 13.4636 12.71065 11.99504 11.29119 10.58735 10
52.05582 55.42828 57.60897 52.24362 44.89096 37.47029 31.60274 30 30 26.63579 25.8158 23.03491 21.35556 21.8198 22.53188 29.98008 38.06661 46.61291 50 41.05647 31.4411 22.80583 20 20 20 20 20 20 20 20 20 20 20 20 20 20 19.4223 18.54242 17.66253 16.78265 15.90277 15.02289 14.14301 13.26313 12.38326 11.50348 10.61446 10 10.53714 12.16005 13.79848 15.43131 17.05805 18.6848 20.62778 28.72882 34.33157 32.54546 29.04028 23.65523 20 18.95487 17.89022 17.00451 16.09327 15.13411 14.37448 13.62153 12.86859 12.11564 11.38502 10.68117 10 10
58.61617 62.93581 61.51243 53.0183 44.55598 36.55219 30 30 29.1886 25.75743 22.64437 20.3271 20 20 20 27.89213 37.33715 45.97614 50 45.16796 35.70702 30.86131 26.86727 21.56653 20 20 20 20 20 20 20 20 20 20 20 20 19.23871 18.35883 17.47895 16.59907 15.71919 14.83931 13.95943 13.07955 12.19967 11.31979 10.44001 10 10.97 12.58017 14.19034 15.80139 17.44572 19.09005 25.80218 39.45999 40 32.90651 24.46132 20 20 18.71791 17.56216 16.78036 15.6985 14.78059 13.98692 13.09274 12.27357 11.52063 10.775 10.07115 10 10
67.6525 70 63.35859 53.33527 44.81798 36.89913 30.13814 30 28.31024 24.87906 21.7315 20 20 20 20 22.23887 32.7134 41.21684 50 49.00609 39.12053 35.03055 32.79588 28.59163 24.30688 20 20 20 20 20 20 20 20 20 20 19.93501 19.05513 18.17525 17.29537 16.41549 15.53561 14.65573 13.77585 12.89597 12.01609 11.1362 10.25632 10 11.35054 12.95163 14.55272 16.17439 17.81651 19.4478 28.30727 37.9118 36.49865 30.38719 23.36742 20 20 19.26516 17.5735 15.96811 15.1294 14.35855 13.51535 12.55666 11.76299 10.96932 10.17224 10 10 10
75.47277 74.72517 63.86659 53.7439 45.95051 40.71478 36.90465 33.3972 29.91716 27.07267 20.5949 20 20 20 20 20 27.14437 34.7702 41.69457 47.63547 40.68426 40 38.87512 35.34516 31.1766 26.07914 20 20 20 20 20 20 20 20 20 19.75143 18.87155 17.99166 17.11178 16.2319 15.35202 14.47214 13.59226 12.71238 11.83299 11.04746 10.29561 10.21179 11.78109 13.35374 14.9264 16.49905 18.07171 19.64436 25.26973 29.67875 29.99932 30 30 24.00435 21.54464 19.81241 18.12075 16.42908 14.73742 13.46748 12.69663 11.92579 11.15494 10.33274 10 10 10 10
85.24743 77.92899 64.52319 55.55615 49.98627 47.86089 45.76797 42.43916 36.43794 28.09377 20 20 20 20 20 20 21.01599 28.06693 33.84535 38.4057 40 40.72886 44.86362 41.48293 35.92889 30.86859 23.59049 20 20 20 20 20 20 20 20 19.56784 18.68796 17.80808 16.9282 16.04832 15.16844 14.28856 13.51888 12.84915 12.17568 11.13088 10.42297 11.97535 13.04093 14.61153 16.18418 17.75684 19.32949 20 20 20 20.70044 30 30 30 25.5425 20 18.66799 16.97633 15.28467 13.59301 11.90134 11.03472 10.26387 10 10 10 10 10
94.19778 83.19232 69.32508 61.64452 58.44293 55.63663 50 45.5982 36.28098 25.77698 20 20 20 20 20 20 20 21.27336 26.65366 32.32516 36.83306 44.42505 50 46.64829 38.89512 33.8275 28.7585 24.7223 21.13805 20 20 20 20 20 20 19.38426 18.50438 17.6245 16.74462 15.969 15.36757 14.67751 14.01102 13.27125 11.81675 10.36226 11.43211 13.18793 14.47053 15.86931 17.44197 19.01462 20 20 20 20 20 30 30 30 30 24.48307 19.53013 17.73636 15.94259 14.14882 12.34963 10.5242 10 10 10 10 10 10
83.31165 80 80 70 62.46633 56.47964 51.05053 43.60919 34.70705 23.98326 20 20 20 20 20 20 20 20 20 28.23722 35.98032 45.34138 54.24896 49.37936 40.52731 35.97581 33.2592 31.15721 24.96945 20 20 20 20 20.20645 20 19.20068 18.41911 17.82673 17.18073 16.50657 15.83906 15.14568 13.95712 12.50263 11.04813 10.52611 12.44125 14.24473 15.97085 17.28517 18.69975 20 20 20 20 20 25.43797 30 30 30 30 23.91276 19.74313 17.60226 15.44136 13.50242 11.62468 10 10 10 10 10 10 10
63.57836 62.51101 70 69.36657 58.2164 50.72868 45.14923 39.42053 32.50362 22.13395 20 20 20 20 20 20 20 20 20 26.33117 34.48771 43.84079 60 54.26389 44.75071 40.26245 38.83452 36.07205 29.01948 21.73598 20 21.27137 24.93286 25.7772 22.28251 19.67044 19.01112 18.3358 17.6671 17.00833 16.09749 14.64299 13.1885 11.734 10.27951 11.53525 13.45039 15.30153 17.01319 18.74002 20 20 20 20 20 20 30 30 30 30 20 20 19.28238 17.34859 15.38169 13.30498 11.18084 10 10 10 10 10 10 10
52.03276 50.55652 59.54504 61.91146 53.21647 45.95049 39.46825 33.76459 30 24.47791 20 20 20 20 20 20 20 20 20 24.97456 32.23066 38.9125 49.58985 60 52.52418 47.86326 46.30372 44.09105 34.37326 26.74818 24.31484 27.17235 30.8983 31.87668 27.99258 21.68534 19.49515 18.83637 18.14403 16.78337 15.32887 13.87437 12.41988 10.96538 10.62925 12.54439 14.45953 16.37466 18.06998 19.96634 20 20 20 20 20 20 22.89746 25.84207 20.53401 20.90988 19.76384 19.36283 18.72161 17.15127 15.32147 13.36441 11.40734 10 10 10 10 10 10 10
43.56197 45.02832 53.59788 60 53.74509 45.94816 39.86578 33.65918 30 26.98845 20 20 20 20 20 20 20 18.95706 17.69339 21.15068 28.55148 35.3331 42.98687 52.08823 58.35383 60 59.16216 52.06 42.30362 33.64711 30 33.37893 37.32283 39.52978 34.73597 26.64589 20.02513 18.92373 17.46924 16.01474 14.56025 13.10575 11.65125 10.19676 11.63839 13.55353 15.46866 17.3838 19.12678 20 20 20 20 20 20 20 20 20 20 19.29869 18.49338 17.91723 17.51623 16.60023 15.31002 13.66781 11.95877 10.16908 10 10 10 10 10 10
37.88946 41.81175 51.22149 60 59.47265 51.69146 47.15547 43.12437 39.6855 33.54099 24.61167 20 20 20 20 18.81388 17.5502 16.28653 15.74338 18.38582 24.13913 31.5438 38.35601 45.82776 53.11002 60 55.85963 48.87005 41.75276 36.70239 30 33.80653 39.75472 40 37.85158 28.97139 21.42048 17.93103 16.70061 15.24612 13.79162 12.33713 10.88263 10.7324 12.64753 14.56267 16.4778 18.39294 20 20 20 20 20 20 20 20 20 19.93178 19.12647 18.32117 17.51587 16.71057 16.07063 15.66962 14.47884 13.18864 11.8934 10.18436 10 10 10 10 10 10
32.5637 40.65285 50.2995 62.86646 70 64.97945 56.72148 51.33732 45.6042 38.55545 29.30375 20 19.93436 18.67069 17.40701 16.14334 14.87967 13.61599 12.73798 16.18476 19.84615 27.43159 34.86842 42.29581 50.03981 54.50305 48.91904 40.5538 34.64896 31.5225 28.48058 29.08117 31.55964 32.46292 31.29061 24.26037 18.91849 16.83829 15.19209 14.4775 13.023 11.5685 10.11401 11.74154 13.65667 15.57181 17.48694 19.21465 20 20 20 20 20 20 20 20 20 19.12703 18.14896 17.34366 16.53836 15.73306 14.92776 14.22402 13.64767 12.35746 11.06726 10 10 10 10 10 10 10
29.93538 40.4677 51.02538 60.861 58.86345 65.45923 70 58.19891 51.01271 42.84711 33.24509 23.42417 18.86053 17.08534 15.31016 13.53498 12.20913 10.94546 10.35435 14.1039 17.78246 23.42372 32.02789 39.51136 46.94728 49.16998 43.38053 34.57665 27.22238 22.72356 21.35382 21.81273 22.54662 22.9332 22.69359 18.67385 14.46305 13.64122 12.95713 12.6193 12.25438 10.79988 10.83554 12.75068 14.54028 15.9175 17.25882 18.66734 19.99219 20 20 20 20 20 20 20 19.73843 18.74761 17.75679 16.8279 15.86392 14.81288 13.95024 13.14494 12.37742 11.52628 10.23608 10 10 10 10 10 10 10
29.77081 42.14056 50 52.13547 46.56482 51.31121 70 70 55.80493 46.14573 36.51076 25.57574 19.10219 17.33034 15.5733 13.87732 12.128 10.37868 10 11.61339 15.09067 19.93174 29.73396 35.70335 40.87983 39.6377 37.75589 32.01125 23.73781 20 18.75667 16.8385 14.2837 11.9202 11.97838 10 10 10 10 10 10 10 11.36716 12.82438 14.24788 15.66139 17.0333 18.3024 19.5715 20 20 20 20 20 20 20 19.36958 18.37876 17.38794 16.39713 15.4427 14.52877 13.59683 12.54661 11.49639 10.55683 10 10 10 10 10 10 10 10
32.57237 44.12156 48.99387 41.72246 40 44.75645 58.98244 70 57.90577 46.82823 36.76311 26.09695 19.20019 17.45806 15.7115 13.96218 12.21285 10.46353 10 10 12.32301 17.81486 20 30 34.67104 32.66586 31.31102 28.35878 20.34718 18.09032 15.92987 13.79752 11.87935 10 10 10 10 10 10 10 10 10 11.24698 12.66049 14.074 15.34351 16.61261 17.88172 19.15082 20 20 20 24.99505 20 20 19.99155 19.00073 18.00991 17.01909 16.02827 15.03746 14.0575 13.14357 12.22964 11.31571 10.27952 10 10 10 10 10 10 10 10
33.91748 39.66181 38.80696 34.66099 34.94976 39.74864 50.98053 64.8056 58.08311 47.57782 36.81552 25.66392 19.52283 17.74324 15.96366 14.18407 12.42244 10.56257 10 10 10 16.00569 20.71036 30 26.72688 23.23564 24.20315 23.44149 17.82256 15.14964 14.61239 12.45194 10.29149 10 10 10 10 10 10 10 10 10 11.0731 12.38461 13.65372 14.92282 16.19193 17.46103 18.73013 19.99924 28.71205 30 30 20 20 19.6227 18.63188 17.64106 16.65024 15.65942 14.6686 13.67779 12.68697 11.75837 10.84444 10 10 10 10 10 10 10 10 10
27.94663 31.89057 29.82866 27.50882 30.60296 36.75156 46.02079 55.57005 54.84008 49.17584 40.18298 29.79809 20.63839 18.48159 16.58883 14.57397 12.46749 10.23012 10 10 10 10 15.58696 16.56882 18.59115 18.56611 19.16246 18.83927 13.48768 11.5254 11.63473 11.13445 10 10 10 10 10 10 10 10 10 10 10.71172 11.98309 13.25445 14.52582 15.79719 17.09955 18.44175 19.78395 28.49589 30 30 29.73937 20 19.25385 18.26303 17.27221 16.28139 15.29057 14.29976 13.30894 12.31812 11.3273 10.37317 10 10 10 10 10 10 10 10 10
22.17645 25.08396 20.84304 22.0705 27.5491 34.79316 42.72322 49.41331 49.70746 50 43.97356 35.66251 26.19111 19.3413 17.17099 14.96471 12.47763 10 10 10 10 10 10 13.38658 15.82587 15.85023 16.21294 13.85965 10 10 10 10 10 10 10 10 10 10 10 10 10 10 10.3256 11.67722 13.03315 14.33713 15.66406 16.95562 18.23072 19.50757 25.21901 30 30 30 21.76994 19.00848 17.86977 16.77712 15.7895 14.80188 13.81427 12.82665 11.83903 10.85141 10 10 10 10 10 10 10 10 10 10
11.72965 16.34343 15.11467 18.68719 26.35791 34.46695 40 41.93661 39.75203 41.16782 41.74707 40 31.11761 21.43067 17.96281 15.28169 12.69191 10.09913 10 10 10 10 10 10.20435 12.97255 13.03929 13.23569 11.10014 10 10 10 10 10 10 10 10 10 10 10 10 10 10 10.49662 11.76866 13.0407 14.26504 15.46763 16.68169 17.90931 19.08741 21.13779 30 30 28.84406 20.68858 18.91532 17.81361 16.68371 15.55381 14.42391 13.28846 12.25938 11.27176 10.28414 10 10 10 10 10 10 10 10 10 10
10 10 12.51437 20 28.53041 36.45874 40 38.7439 32.84486 31.92795 33.51606 35.966 31.99744 24.86316 18.58646 15.99065 13.34398 10.69731 10 10 10 10 10 10 10.06707 10.16716 10.25843 10 10 10 10 10 10 10 10 10 10 10 10 10 10 10 10.49264 11.5873 12.68196 13.77663 14.87129 15.96595 17.06061 18.15527 19.18705 19.64315 19.7455 19.7627 19.66899 18.57969 17.35693 16.17669 15.09732 14.01794 12.93857 11.85919 10.77981 10 10 10 10 10 10 10 10 10 10 10
10 10 12.32437 23.95016 32.5546 39.95604 40 37.21349 29.7423 25.7421 25.81662 28.16083 30 27.52023 18.53967 15.66402 12.84235 10.2327 10 10 10 10 10 10 10 10 10 10 10 10 10 10 10 10 10 10 10 10 10 10 10 10 10 10.67092 11.76559 12.86025 13.95491 15.04957 16.14423 17.2389 18.24482 18.44273 18.43999 18.46938 18.30603 17.76385 16.85908 15.6986 14.63679 13.43807 12.3587 11.27932 10.19995 10 10 10 10 10 10 10 10 10 10 10
10 10 11.83052 23.59743 32.8064 39.67267 40 40 28.90889 22.52909 20 21.68897 26.44797 27.5377 18.33123 15.12792 12.03569 10 10 10 10 10 10 10 10 10 10 10 10 10 10 10 10 10 10 10 10 10 10 10 10 10 10 10 10.84921 11.94387 13.03853 14.13319 15.22786 16.32252 17.30258 17.28344 17.13447 17.1866 16.87255 16.55022 15.86216 15.07636 13.95581 12.82059 11.79284 10.69945 10 10 10 10 10 10 10 10 10 10 10 10
