data/DEM.txt
ncols         157
nrows         141
xllcorner     183648.0321
yllcorner     517256.9598
cellsize      30.000000000019
NODATA_value  -9999
[rows 66 to 98 of 141, columns 74 to 147 of 157]
0.2833236 1.572914 2.84559 4.118265 5.39094 6.663615 7.93629 9.208965 10 10 10 10 10 10 10 10 10 10 10 10 10 10 10 10 10 10 10 10 10 10 10 10 10 10 9.84845 9.526484 9.204517 8.882552 8.560586 8.23862 7.916654 7.594687 7.272721 6.950755 6.628789 6.306823 6.543962 7.159017 8.396821 9.847221 10 10 10 10 10 10 10 10 10 10 10 10 10 10 10 10 10 10 10 10 10 10 10 10
1.016729 1.921734 3.533887 4.856245 6.12892 7.401595 8.67427 9.946945 10 10 10 10 10 10 10 10 10 10 10 10 10 10 10 10 10 10 10 10 10 10 10 10 9.737691 9.415725 9.09376 8.771793 8.449827 8.127861 7.805895 7.483929 7.161963 6.839997 6.518031 6.196064 5.874098 5.556353 6.143766 6.993781 8.44418 9.894581 10 10 10 10 10 10 10 10 10 10 10 10 10 10 10 10 10 10 10 10 10 10 10 10
1.741022 2.646027 3.551033 5.054658 6.809372 8.199381 9.41225 10 10 10 10 10 10 10 10 10 10 10 10 10 10 10 10 10 10 10 10 10 10 9.948898 9.626933 9.304967 8.983001 8.661035 8.339068 8.017102 7.695136 7.37317 7.051204 6.729238 6.407272 6.085306 5.76334 5.441374 5.119408 5.128516 5.743571 7.04114 8.49154 9.94194 10 10 10 10 10 10 10 10 10 10 10 10 10 10 10 10 10 10 10 10 10 10 10 10
2.465315 3.37032 4.275326 5.180331 6.548008 8.326157 10 10 10 10 10 10 10 10 10 10 10 10 10 10 10 10 10 10 10 10 10 10 10 9.872851 8.927428 8.550276 8.22831 7.906343 7.584378 7.262412 6.940445 6.618479 6.296514 5.974547 5.652581 5.330615 5.008649 4.686683 4.364717 4.72832 5.6381 7.0885 8.538899 9.9893 10 10 10 10 10 10 10 10 10 10 10 10 10 10 10 10 10 10 10 10 10 10 10 10
3.189608 4.094613 4.999619 5.904624 6.80963 8.041359 9.819507 10 10 10 10 10 10 10 10 10 10 10 10 10 10 10 10 10 10 10 10 10 10 10 8.990427 7.900994 7.473619 7.151653 6.829687 6.507721 6.185755 5.863789 5.541822 5.219857 4.897891 4.575924 4.253958 3.931992 3.71307 4.296012 5.685459 7.135859 8.586259 10 10 10 10 10 10 10 10 10 10 10 10 10 10 10 10 10 10 10 10 10 10 10 10 10
3.913901 4.818906 5.723912 6.628917 7.533923 8.438929 9.534709 10 10 10 10 10 10 10 10 10 10 10 10 10 10 10 10 10 10 10 10 10 10 10 9.225197 8.108003 6.990809 6.432641 6.074996 5.75303 5.431064 5.109098 4.787132 4.465166 4.1432 3.821234 3.499268 3.177302 3.312874 4.282419 5.732819 7.183218 8.633618 10 10 10 10 10 10 10 10 10 10 10 10 10 10 10 10 10 10 10 10 10 10 10 10 10
4.638194 5.543199 6.448205 7.35321 8.152726 8.898804 9.586139 10 10 10 10 10 10 10 10 10 10 10 10 10 10 10 10 10 10 10 10 10 10 10 9.459967 8.342772 7.225579 6.108385 5.379998 4.994381 4.676373 4.354407 4.032441 3.710475 3.388509 3.066543 2.744577 2.422611 2.879379 4.329778 5.780178 7.230578 8.680978 10 10 10 10 10 10 10 10 10 10 10 10 10 10 10 10 10 10 10 10 10 10 10 10 10
4.970889 5.716967 6.463044 7.190048 7.88485 8.533847 9.134165 9.734483 10 10 10 10 10 10 10 10 10 10 10 10 10 10 10 10 10 10 10 10 10 10 9.694736 8.577542 7.460349 6.343154 5.22596 4.318981 3.93863 3.599716 3.27775 2.955784 2.633818 2.311852 1.989886 1.897428 2.926738 4.377138 5.827538 7.277937 8.728337 10 10 10 10 10 10 10 10 10 10 10 10 10 10 10 10 10 10 10 10 10 10 10 10 15.02811
4.773362 5.476118 6.173294 6.850055 7.481554 8.081872 8.682191 9.282509 9.878628 10 10 10 10 10 10 10 10 10 10 10 10 10 10 10 10 10 10 10 10 10 9.929506 8.812312 7.695118 6.577924 5.46073 4.343536 3.250324 2.865115 2.514567 2.201093 1.879128 1.557161 1.235195 1.523698 2.974097 4.424497 5.928319 7.175762 9.478276 10 10 10 10 10 10 10 10 10 10 10 10 10 10 10 10 10 10 10 10 10 10 10 10 18.8838
4.459364 5.141141 5.815259 6.429262 7.02958 7.629898 8.233431 8.818654 9.400878 9.983101 10 10 10 10 10 10 10 10 10 10 10 10 10 10 10 10 10 10 10 10 10 9.047082 7.929888 6.812694 5.6955 4.578306 3.461112 2.343918 1.805625 1.44462 1.121269 0.8024706 0.4974274 1.571057 2.688382 3.676105 5.614814 7.925641 10 10 10 10 10 10 10 10 9.997014 9.179233 10 10 10 10 10 10 19.72152 20 20 10 10 10 10 10 13.30981 22.69899
4.106346 4.772546 5.376969 5.977287 6.577638 7.176457 7.758681 8.350763 8.979189 9.551375 10 10 10 10 10 10 10 10 10 10 10 10 10 10 10 10 10 10 10 10 10 9.051708 7.106339 6.407203 5.666176 4.813076 3.695881 2.578687 1.461493 0.736968 0.3700034 0.03524131 0 0 1.116062 2.671724 5.613262 8.502586 10 10 10 10 10 10 10 8.185253 5.860787 8.105289 10 10 10 10 10 10 10 19.74028 15.89056 10 10 10 14.58383 17.5664 21.63125 31.78811
3.723971 4.324677 4.924995 5.53426 6.116483 6.722362 7.377807 7.985161 8.554129 9.123096 9.693525 10 10 10 10 10 10 10 10 10 10 10 10 10 10 10 10 10 10 10 10 10 7.679569 5.341662 3.725969 2.928174 2.187147 1.446121 0.7050941 0 0 0 0 0 0 0.3113459 2.870611 6.132419 9.014055 10 10 10 9.312167 7.807543 6.373492 4.049026 4.205107 5.97788 8.740121 10 10 10 10 10 10 10.17464 10 10 10 12.76958 17.6053 25.10951 30.71412 39.14026
3.272384 3.886724 4.474286 5.093961 5.761814 6.394409 6.987914 7.556881 8.125896 8.701451 9.259525 9.766991 10 10 10 10 10 10 10 10 10 10 10 10 10 10 10 10 10 10 10 9.390855 7.461808 5.44813 3.358518 1.307111 0 0 0 0 0 0 0 0 0 0 0 0.05592012 2.087569 3.514144 4.106684 3.803574 2.47773 0.9633591 0 0.2354161 1.431638 3.995685 6.717254 9.666551 10 10 10 10 10 10 10 10 10 13.18725 19.45887 30.56491 37.22213 40
2.832089 3.46556 4.133413 4.780952 5.413877 5.990666 6.559633 7.149597 7.709377 8.270524 8.776322 9.280162 9.790295 10 10 10 10 10 10 10 10 10 10 10 10 10 10 10 10 10 9.982573 8.63948 6.961722 5.21613 3.175342 1.134555 0 0 0 0 0 0 0 0 0 0 0 0 0 0 0 0 0 0 0 0 0 1.845726 4.93972 7.894058 10 10 10 10 10 10 10 10 10 13.90221 18.73628 28.4146 37.55894 40
2.505011 3.172864 3.808838 4.424451 4.993419 5.579044 6.163238 6.725178 7.281128 7.785655 8.279325 8.774472 9.263565 9.829382 10 10 10 10 10 10 10 10 10 10 10 10 10 10 10 10 9.066939 7.762821 6.502117 4.891501 3.085898 1.316601 0 0 0 0 0 0 0 0 0 0 0 0 0 0 0 0 0 0 0 0 0 0.621028 3.455077 6.266078 8.73099 10 10 10 10 10 10 10 12.4553 15.50856 19.4573 24.05491 33.13509 40
2.195069 2.829097 3.427204 4.004706 4.601292 5.171164 5.744657 6.291732 6.794986 7.278489 7.75865 8.261845 8.759903 9.345531 9.940192 10 10 10 10 10 10 10 10 10 10 10 10 10 10 9.405363 8.258203 6.945705 5.740098 4.283294 2.949127 1.143523 0 0 0 0 0 0 0 0 0 0 0 0 0 0 0 0 0 0 0 0 0 0 2.63764 4.732888 7.056655 8.851002 10 10 10 10 10 15.00599 19.95162 20.22135 20 21.27029 29.75959 35.11297
1.848564 2.430369 3.032193 3.62183 4.188059 4.7608 5.302337 5.804317 6.277653 6.755552 7.256238 7.690424 8.276053 8.8668 9.439816 10 10 10 10 10 10 10 10 10 10 10 10 10 9.673594 8.569894 7.38351 6.305025 5.117098 3.733877 2.413256 0.899604 0 0 0 0 0 0 0 0 0 0 0 0 0 0 0 0 0 0 0 0 0 1.250922 2.998653 4.168534 5.338416 6.508296 7.678178 8.848059 10 10 10.08584 19.23106 25.33641 28.73273 25.81607 20 24.49323 25.15974
1.457855 2.052988 2.632951 3.207913 3.776944 4.312941 4.813649 5.281845 5.760479 6.242986 6.629965 7.206574 7.793409 8.345043 8.911039 9.568607 10 10 10 10 10 10 10 10 10 10 10 9.76763 8.567059 7.392321 6.54804 5.361655 4.351848 3.163921 1.975994 0.607663 0 0 0 0 0 0 0 0 0 0 0 0 0 0 0 0 0 0 0 0 0.4139577 1.267943 2.121929 2.975915 3.829901 4.683886 5.537872 6.505354 7.675235 8.845117 10 17.85006 24.86679 29.90166 27.85902 22.80692 18.26451 17.0259
1.073526 1.65094 2.227768 2.791425 3.323545 3.822981 4.289353 4.763534 5.227163 5.627454 6.137096 6.722725 7.258685 7.730933 8.386529 8.998868 9.709503 10 10 10 10 10 10 10 10 10 9.642347 8.458257 7.274984 6.328264 5.289846 4.509825 3.397344 2.398671 1.210744 0.02281648 0 0 0 0 0 0 0 0 0 0 0 0 0 0 0 0.04471732 0.1022165 0.1597157 0.1461809 0.2661204 0.9549186 1.643717 2.450413 3.255826 4.053589 4.859915 5.666241 6.472568 7.277664 8.082323 8.886982 9.691641 18.40447 23.29225 23.26388 18.13707 12.37411 10.05038
0.6707943 1.244872 1.803762 2.33415 2.830748 3.296861 3.765803 4.211341 4.627031 5.067617 5.653246 6.172327 6.550827 7.20445 7.731547 8.462648 9.089494 9.762565 10 10 10 10 10 10 10 9.55417 8.237601 7.064913 5.956082 4.835272 4.066621 3.21681 2.430767 1.433045 0.4454937 0 0 0 0 0 0 0 0 0 0 0.02759347 0.08509268 0.1425919 0.2000911 0.2575903 0.3150895 0.3725887 0.4300879 0.4875871 0.4523234 0.6540453 1.342844 2.031642 2.72044 3.409238 4.098036 4.786834 5.475633 6.164431 6.853229 7.542027 8.230825 8.919623 9.608422 12.46 15.16286 13.03296 10 10
0.2610155 0.8160983 1.344754 1.837555 2.304369 2.768073 3.195518 3.625167 3.998139 4.583767 5.085969 5.44304 6.022371 6.544365 7.197072 7.800032 8.469484 9.18245 9.90694 10 10 10 10 10 10 8.344105 6.75571 5.579689 4.553331 3.570085 2.621191 1.800509 1.138399 0.3517089 0 0 0 0 0 0.01046962 0.06796882 0.125468 0.1829672 0.2404664 0.2979656 0.3554648 0.412964 0.4704632 0.5279624 0.5854617 0.6429608 0.7004601 0.7579592 0.8154585 0.7583733 1.04197 1.730768 2.419567 3.108365 3.797163 4.485961 5.174759 5.863557 6.552356 7.241154 7.929952 8.618751 9.307549 9.996346 10 10 10 10 10
0 0.3553584 0.8443626 1.311878 1.770342 2.191614 2.621682 2.986642 3.514289 3.999611 4.356682 4.841944 5.389654 5.92975 6.51057 7.180022 7.878118 8.58812 9.293008 9.993215 10 10 10 10 9.556466 7.355527 5.321533 3.978996 2.923848 2.002513 1.162686 0.4071092 0 0 0 0.05633518 0.1658434 0.2233426 0.2808418 0.338341 0.3958402 0.4533394 0.5108386 0.5683378 0.625837 0.6833362 0.7408354 0.7983346 0.8558338 0.913333 0.9708322 1.028331 1.085831 1.14333 1.063668 1.429895 2.118693 2.807491 3.496289 4.185088 4.873886 5.562684 6.251482 6.94028 7.629079 8.317877 9.006675 9.695474 10 10 10 10 10 10
0 0 0.3193857 0.7726111 1.196541 1.616076 1.991343 2.444811 2.913253 3.270324 3.661837 4.234942 4.66243 5.265118 5.89056 6.577826 7.269301 7.955121 8.633745 9.301477 9.334245 8.989182 8.763502 8.307232 7.531693 6.048763 4.399431 2.47055 1.363668 0.4199525 0 0 0 0 0.1181132 0.3046909 0.4937147 0.5512139 0.6087132 0.6662124 0.7237116 0.7812108 0.83871 0.8962092 0.9537084 1.011208 1.068707 1.126206 1.183705 1.241204 1.298704 1.356203 1.413702 1.471201 1.368963 1.81782 2.506618 3.195416 3.884214 4.573013 5.261811 5.950609 6.639407 7.328206 8.017004 8.705802 9.3946 10 10 10 10 10 10 10
0 0 0 0.2014688 0.6104689 0.9910294 1.375332 1.826894 2.183965 2.541036 3.080231 3.463655 4.046343 4.601098 5.277534 5.950482 6.617234 7.274275 7.933311 8.413951 8.305797 7.333954 7.042995 6.25929 5.661975 4.251242 2.526056 1.017713 0 0 0 0 0.07859774 0.2353499 0.3942468 0.5671829 0.7634834 0.8790853 0.9365845 0.9940837 1.051583 1.109082 1.166581 1.224081 1.28158 1.339079 1.396578 1.454077 1.511577 1.569076 1.626575 1.684074 1.741573 1.797919 1.690722 2.205745 2.894543 3.583341 4.27214 4.960938 5.649736 6.338534 7.027332 7.71613 8.404928 9.093727 9.782525 10 10 10 10 10 10 10
0.1235473 0 0 0 0 0.3458305 0.7405362 1.097607 1.454678 1.92552 2.308943 2.830007 3.311635 3.977243 4.631662 5.279347 5.914805 6.565144 7.214314 7.268409 7.160254 6.354455 5.322489 5.096809 3.974074 2.422031 0.7366049 0 0 0 0 0.1146589 0.3313973 0.5295083 0.6751418 0.840055 1.016225 1.206957 1.264456 1.321955 1.379454 1.436954 1.494453 1.551952 1.609451 1.66695 1.72445 1.781949 1.839448 1.896947 1.954446 2.011945 2.069445 2.104062 2.010772 2.59367 3.282468 3.971266 4.660064 5.348862 6.037661 6.726459 7.415257 8.104055 8.792853 9.481651 10 10 10 10 10 10 10 10
0.6264591 0.1314375 0 0 0 0 0.01124886 0.3683198 0.7708086 1.154232 1.593313 2.051216 2.676951 3.303955 3.933932 4.555335 5.196978 5.844497 6.23102 6.122866 6.014711 5.575519 4.383113 3.376303 2.31438 0.9011502 0 0 0 0 0.15072 0.3674585 0.5841969 0.8009353 0.9621099 1.119474 1.284282 1.470632 1.592327 1.649826 1.707326 1.764825 1.822324 1.879823 1.937322 1.994822 2.052321 2.10982 2.167319 2.224818 2.282318 2.339817 2.397316 2.410204 2.323082 2.981595 3.670393 4.359191 5.047989 5.736787 6.425585 7.114384 7.803182 8.49198 9.180779 9.869576 10 10 10 10 10 10 10 10
1.154956 0.6763735 0.1994787 0 0 0 0 0 0 0.3829441 0.8245536 1.376659 1.967294 2.580763 3.195865 3.828811 4.476104 5.140487 5.085477 4.977323 4.869169 4.763764 3.484268 2.233686 1.197742 0 0 0 0 0.1867812 0.4035196 0.620258 0.8369965 1.053735 1.256336 1.401902 1.561997 1.73587 1.920199 1.977698 2.035197 2.092696 2.150195 2.207695 2.265194 2.322693 2.380192 2.437691 2.495191 2.55269 2.610189 2.667688 2.725188 2.716347 2.680721 3.369519 4.058318 4.747116 5.435914 6.124712 6.81351 7.502308 8.191107 8.879905 9.568703 10 10 10 10 10 10 10 10 10
1.679619 1.222165 0.7986063 0.424889 0.04366217 0 0 0 0 0 0.07636759 0.6306325 1.227594 1.836395 2.465193 3.112027 3.77067 4.048089 3.939935 3.83178 3.723626 3.615472 2.705332 1.432272 0.08425872 0 0 0.006103894 0.2228423 0.4395808 0.6563192 0.8730576 1.089796 1.306535 1.523273 1.688866 1.844702 2.004904 2.183289 2.305569 2.363068 2.420568 2.478067 2.535566 2.593065 2.650564 2.708064 2.765563 2.823062 2.880561 2.938061 2.99556 3.053059 3.022363 3.068646 3.757444 4.446242 5.135041 5.823839 6.512637 7.201435 7.890234 8.579032 9.26783 9.956628 10 10 10 10 10 10 10 10 10
2.257781 1.807836 1.427429 1.09518 0.7304219 0.4258032 0.1492333 0 0 0 0 0 0.4774007 1.10297 1.744946 2.400853 3.0107 2.902546 2.794392 2.686238 2.578083 2.469929 1.926396 0.6140802 0 0 0.04216504 0.2589035 0.4756419 0.6923803 0.9091188 1.125857 1.342596 1.559334 1.776073 1.983163 2.128662 2.283938 2.456128 2.63344 2.69094 2.748439 2.805938 2.863437 2.920937 2.978436 3.035935 3.093434 3.150934 3.208433 3.265932 3.323431 3.38093 3.327658 3.456571 4.145369 4.834167 5.522965 6.211764 6.900562 7.58936 8.278158 8.966956 9.655755 10 10 10 10 10 10 10 10 10 10
2.846933 2.452169 2.111578 1.765472 1.428555 1.141656 0.8607647 0.6250601 0.2732926 0 0 0 0 0.3778641 1.031036 1.696843 1.865158 1.757003 1.648849 1.540695 1.432541 1.324386 1.14746 0 0 0.02290252 0.2949646 0.5117031 0.7284415 0.9451799 1.161918 1.378657 1.595395 1.812134 2.028872 2.24561 2.415621 2.56993 2.727869 2.899643 3.018811 3.07631 3.13381 3.191309 3.248808 3.306307 3.363806 3.421306 3.478805 3.536304 3.593803 3.651302 3.708802 3.643437 3.844496 4.533294 5.222092 5.91089 6.599689 7.288486 7.977285 8.666083 9.354881 10 10 10 10 10 10 10 10 10 10 10
3.448575 3.085803 2.816112 2.451115 2.133459 1.850361 1.572296 1.412244 1.049092 0.6066399 0.1148268 0 0 0 0.3270256 0.8277693 0.719615 0.6114607 0.5033064 0.3951521 0.2869977 0.1788434 0.07068913 0 0 0.1900477 0.4928146 0.7645026 0.981241 1.197979 1.414718 1.631456 1.848195 2.064933 2.281672 2.49841 2.70999 2.855422 3.00588 3.173367 3.346683 3.404182 3.461681 3.51918 3.576679 3.634178 3.691678 3.749177 3.806676 3.864175 3.921674 3.979174 4.036673 3.968189 4.23242 4.921219 5.610017 6.298815 6.987613 7.676412 8.36521 9.054008 9.742806 10 10 10 10 10 10 10 10 10 10 10
4.107198 3.790017 3.487281 3.143141 2.849312 2.561893 2.359391 2.200822 1.822509 1.374667 0.7482802 0 0 0 0 0 0 0 0 0 0 0 0 0 0.09545614 0.3591895 0.6599598 0.9627268 1.234041 1.450779 1.667518 1.884256 2.100994 2.317733 2.534471 2.75121 2.967948 3.142376 3.295157 3.450834 3.611177 3.732053 3.789552 3.847051 3.904551 3.96205 4.019549 4.077048 4.134548 4.192047 4.249546 4.307045 4.364633 4.29027 4.620346 5.309144 5.997942 6.68674 7.375538 8.064337 8.753135 9.441933 10 10 10 10 10 10 10 10 10 10 10 10
4.763922 4.494551 4.157572 3.841116 3.55149 3.306537 3.146575 2.991179 2.595927 2.142695 1.381734 0.4600429 0 0 0 0 0 0 0 0 0 0 0 0.008828836 0.3913313 0.6076428 0.8320646 1.129872 1.432639 1.703579 1.920317 2.137056 2.353794 2.570532 2.787271 3.004009 3.220748 3.436818 3.582182 3.729504 3.890466 4.058414 4.117424 4.174923 4.232422 4.289921 4.34742 4.40492 4.462419 4.519918 4.577417 4.634916 4.674228 4.609726 5.00827 5.697069 6.385867 7.074665 7.763463 8.452261 9.14106 9.829858 10 10 10 10 10 10 10 10 10 10 10 10
